2.6871 -5.0447 1.8436 2.1089 
61.4608 

1.4861 0.5357 -2.8866 
52.9721 

2.7890 -2.7850 -1.3223 4.0031 
63.0906 

3.6493 -0.9991 -1.8635 
37.1596 

1.1124 4.2004 4.1892 
52.0279 

0.9379 -1.7145 3.6154 -0.5898 4.1406 -4.7802 0.3320 
132.9374 

2.2169 -3.2839 -1.6739 -3.1978 -1.8235 -0.9845 0.4973 -4.6209 0.5400 
158.8686 

-2.3059 -2.6470 -2.6302 -3.5414 4.6737 4.4612 3.2636 2.3374 -3.3197 -1.4298 
262.3516 

-3.1868 -5.1077 -1.8799 2.0441 
55.3888 

1.2826 0.4410 -0.6243 -2.1767 0.0170 2.6782 
82.5696 

2.6871 0.7788 2.5361 1.4903 -3.8582 
96.8545 

0.0450 -1.5640 -4.1764 -3.6060 -3.0907 1.7640 
99.2606 

-0.7013 1.9907 -2.4905 -5.0201 
68.9500 

0.3306 -2.2590 4.5694 
70.5718 

4.1620 -1.0989 -4.8655 1.7555 3.4526 
96.4004 

4.8282 -4.5370 -0.5087 
89.1526 

0.8445 1.9112 
10.2876 

2.2470 1.5364 2.3236 -1.2918 0.8354 -3.9309 -4.5296 4.9128 -2.2034 0.9725 
172.0593 

4.7325 -3.2176 -3.1433 -1.6216 4.4329 
124.1174 

-1.1196 -2.3223 -3.5641 -1.0536 -1.2828 -3.7774 -0.6652 -4.1829 1.1738 -5.0076 
164.3347 

