25.3399 16.2573 -27.4404 -7.3088 12.2604 13.7708 
2052.7568 

-16.5434 -13.8567 10.3819 -1.3505 7.4230 -15.8133 -19.3726 
1255.7589 

19.7786 16.0153 26.0687 -23.5267 -19.0663 -24.0543 
2822.8987 

-0.6142 -18.4053 23.7535 
903.3611 

-24.0546 -27.3501 3.4377 16.3497 -11.2836 -19.2611 -9.6627 -17.3913 
2499.9169 

0.6092 24.3819 7.7354 -23.9080 -6.5487 -26.7230 0.0770 -4.0967 29.8536 18.6962 
3240.8555 

-0.8609 23.6669 -21.7472 -6.5997 25.6414 
1734.8414 

25.0496 12.8144 7.1002 -9.4027 26.1616 -22.5136 13.8351 8.7886 19.9891 -6.1031 
2827.2678 

14.9893 20.1132 -10.6524 3.1357 28.7477 
1578.9564 

2.9585 -10.1746 7.1683 -8.3618 15.3906 -5.1660 -0.4593 11.6846 28.3640 
1438.3949 

-10.3347 20.2682 14.3443 27.2505 -28.0846 -8.5879 
2328.4514 

9.7592 -13.1099 -16.1770 12.6677 7.4744 
745.1441 

5.4365 9.6263 -27.1467 -9.0729 
941.4820 

-2.9196 -15.5457 12.9027 
416.6725 

21.3709 -13.1095 13.8630 -21.7342 
1293.1326 

20.2034 -21.6839 5.2926 -8.0306 18.4056 0.2268 -0.6243 22.6229 
1821.8739 

-8.8115 -3.0334 27.8118 -27.4621 28.3775 -18.6476 10.0272 5.1864 
2894.9662 

10.5067 -8.3387 7.2167 18.6691 -28.8446 -24.9676 28.4881 9.0810 
2929.9691 

-16.1257 -5.7905 
293.5681 

-22.6788 -13.8937 -14.5292 -10.1001 -20.8660 -9.1195 -22.7005 23.0492 -24.3433 
3178.2024 

